75 programs/sample/Sample_Output.txt
    0.02     0.99    -0.00        0.02     0.99     0.00       0.000
    0.01     0.99    -0.00        0.01     0.99     0.00       0.002
    0.01     0.99     0.00        0.01     0.99     0.00       0.001
    0.00     0.99     0.00        0.00     0.99     0.00       0.002
    0.01     1.00    -0.00        0.01     1.00     0.00       0.003
    0.00     1.00    -0.00        0.00     1.00     0.00       0.002
    0.01     0.99    -0.00        0.01     0.99     0.00       0.002
    0.00     0.99     0.00        0.00     0.99     0.00       0.002
    0.01     0.99     0.00        0.01     0.99     0.00       0.000
    0.01     1.00    -0.00        0.01     1.00     0.00       0.003
   -0.00     1.00     0.00        0.00     1.00     0.00       0.003
    0.01     0.99     0.00        0.01     0.99     0.00       0.002
    0.01     1.00     0.00        0.01     1.00     0.00       0.001
    0.01     1.00     0.00        0.01     1.00     0.00       0.002
    0.01     1.00     0.00        0.01     1.00     0.00       0.001
    0.01     1.00     0.00        0.01     1.00     0.00       0.002
    0.01     1.00     0.00        0.01     1.00     0.00       0.002
    0.01     1.00     0.00        0.01     1.00     0.00       0.002
    0.00     1.00     0.00        0.00     1.00     0.00       0.002
    0.01     0.99     0.00        0.01     0.99     0.00       0.001
    0.01     1.00    -0.00        0.01     1.00     0.00       0.003
    0.00     1.00    -0.00        0.00     1.00     0.00       0.002
    0.00     1.00     0.00        0.00     1.00     0.00       0.001
    0.00     1.00    -0.00        0.00     1.00     0.00       0.002
    0.01     0.99    -0.00        0.01     0.99     0.00       0.001
    0.00     1.00    -0.00        0.00     1.00     0.00       0.000
   -0.00     1.00     0.00        0.00     1.00     0.00       0.003
    0.02     1.00     0.00        0.02     1.00     0.00       0.001
    0.00     1.00    -0.00        0.00     1.00     0.00       0.000
    0.01     0.99     0.00        0.01     0.99     0.00       0.001
    0.00     0.99    -0.00        0.00     0.99     0.00       0.001
    0.01     0.99    -0.00        0.01     0.99     0.00       0.001
    0.01     0.99    -0.00        0.01     0.99     0.00       0.002
    0.01     1.00     0.00        0.01     1.00     0.00       0.002
    0.01     1.00    -0.00        0.01     1.00     0.00       0.003
    0.02     1.00    -0.00        0.02     1.00     0.00       0.000
    0.01     0.99    -0.00        0.01     0.99     0.00       0.004
    0.00     1.00    -0.00        0.00     1.00     0.00       0.005
    0.01     0.99     0.00        0.01     0.99     0.00       0.001
    0.01     0.99     0.00        0.01     0.99     0.00       0.001
    0.00     0.99     0.00        0.00     0.99     0.00       0.001
    0.01     0.98    -0.00        0.01     0.98     0.00       0.000
   -0.00     1.00     0.00        0.00     1.00     0.00       0.003
    0.02     0.99     0.00        0.02     0.99     0.00       0.001
    0.02     1.00     0.00        0.02     1.00     0.00       0.001
    0.02     0.99    -0.00        0.02     0.99     0.00       0.000
    0.00     0.99     0.00        0.00     0.99     0.00       0.001
   -0.00     0.99     0.00        0.00     0.99     0.00       0.001
    0.02     1.00    -0.00        0.02     1.00     0.00       0.000
    0.01     1.00     0.00        0.01     1.00     0.00       0.001
    0.00     1.00    -0.00        0.00     1.00     0.00       0.002
    0.01     0.99    -0.00        0.01     0.99     0.00       0.001
   -0.00     1.00     0.00        0.00     1.00     0.00       0.003
    0.01     0.99    -0.00        0.01     0.99     0.00       0.002
    0.02     0.99     0.00        0.02     0.99     0.00       0.001
    0.02     0.99     0.00        0.02     0.99     0.00       0.001
    0.01     0.99     0.00        0.01     0.99     0.00       0.004
    0.02     0.99     0.00        0.02     0.99     0.00       0.001
    0.02     0.99     0.00        0.02     0.99     0.00       0.001
    0.01     0.99     0.00        0.01     0.99     0.00       0.002
    0.00     0.99     0.00        0.00     0.99     0.00       0.001
    0.01     1.00    -0.00        0.01     1.00     0.00       0.003
    0.01     1.00     0.00        0.01     1.00     0.00       0.000
    0.01     0.99    -0.00        0.01     0.99     0.00       0.005
   -0.00     1.00     0.00        0.00     1.00     0.00       0.003
    0.01     1.00    -0.00        0.01     1.00     0.00       0.003
    0.00     0.99     0.00        0.00     0.99     0.00       0.001
    0.00     0.98    -0.00        0.00     0.98     0.00       0.004
    0.00     0.99     0.00        0.00     0.99     0.00       0.002
    0.00     0.99     0.00        0.00     0.99     0.00       0.004
    0.01     1.00    -0.00        0.01     1.00     0.00       0.003
    0.02     0.99    -0.00        0.02     0.99     0.00       0.000
    0.02     1.00    -0.00        0.02     1.00     0.00       0.000
    0.02     1.00     0.00        0.02     1.00     0.00       0.001
    0.02     1.00    -0.00        0.02     1.00     0.00       0.000
