150 PA5-A-Debug-Answer.txt 6
    112.6853     50.3517     57.0126     46.8701    -58.5139    -22.1466
   -3.85    -0.55   -36.69      -3.85    -0.55   -36.69     0.001
   -8.11   -17.14    -7.05      -8.11   -17.14    -7.05     0.002
   -1.95    15.45     3.98      -1.95    15.45     3.98     0.001
    8.58    22.90    15.85       8.58    22.90    15.85     0.001
  -30.76     5.41   -37.93     -30.76     5.40   -37.93     0.003
   24.63    18.12    13.63      24.63    18.11    13.63     0.004
  -26.45    10.45   -29.74     -26.45    10.45   -29.74     0.002
   27.28    19.78    -9.83      27.28    19.78    -9.83     0.000
   24.17    22.17    -4.95      24.16    22.16    -4.95     0.008
  -28.07   -16.96   -47.13     -28.07   -16.96   -47.13     0.001
  -13.50   -23.90   -44.16     -13.50   -23.90   -44.16     0.001
  -42.94    -7.72   -23.62     -42.94    -7.72   -23.62     0.001
  -16.82    16.91    28.53     -16.82    16.91    28.53     0.004
   31.57   -11.99   -20.90      31.57   -11.98   -20.90     0.003
    7.07    -2.91   -23.28       7.07    -2.91   -23.28     0.000
   28.82     2.86    26.91      28.81     2.86    26.91     0.004
   31.60    -5.82   -27.30      31.59    -5.82   -27.29     0.005
   -8.39     8.27   -21.07      -8.40     8.26   -21.07     0.006
   -4.00   -20.87   -15.11      -4.00   -20.87   -15.11     0.002
   14.16     1.85   -21.04      14.16     1.85   -21.04     0.002
    0.28    -9.05    16.46       0.28    -9.05    16.46     0.001
   14.65    16.88    68.96      14.65    16.88    68.96     0.003
   27.68     6.72    29.69      27.68     6.71    29.69     0.003
  -20.48   -13.57   -48.28     -20.48   -13.57   -48.28     0.000
   -1.28    -7.79    27.60      -1.28    -7.80    27.60     0.010
  -18.94   -32.31   -21.79     -18.94   -32.31   -21.80     0.002
   25.08    -1.73    35.19      25.08    -1.73    35.19     0.001
  -13.20     6.55    12.06     -13.19     6.55    12.06     0.001
   33.22     0.32   -26.54      33.22     0.32   -26.54     0.001
   35.19    12.07    -9.69      35.18    12.07    -9.69     0.003
   -8.67   -18.46    -7.88      -8.67   -18.46    -7.88     0.002
   24.32    -4.92    18.22      24.32    -4.93    18.22     0.006
   -2.09    -7.99    25.75      -2.09    -8.00    25.75     0.004
    8.73    16.93   -14.29       8.73    16.93   -14.29     0.002
   40.22     6.22    -6.94      40.22     6.22    -6.94     0.002
   21.73   -14.01   -20.28      21.73   -14.01   -20.28     0.002
  -21.81    11.04   -31.91     -21.81    11.04   -31.91     0.001
   -3.00   -23.44   -26.14      -3.00   -23.44   -26.14     0.000
   20.54    14.39    51.10      20.53    14.38    51.10     0.006
  -30.69     3.66   -40.03     -30.68     3.66   -40.03     0.001
   32.69    16.35     1.69      32.69    16.34     1.69     0.008
   -6.80    -5.42    17.69      -6.80    -5.42    17.69     0.000
   20.76    15.32   -28.71      20.76    15.32   -28.71     0.002
    4.77    11.96    -8.35       4.77    11.96    -8.35     0.000
  -37.02   -23.29   -22.28     -37.02   -23.29   -22.28     0.001
   11.55    -4.43    19.80      11.55    -4.42    19.80     0.002
  -45.18   -10.88   -31.79     -45.18   -10.88   -31.79     0.000
  -26.18   -12.41    -6.35     -26.18   -12.41    -6.35     0.002
  -27.91   -14.39    -7.28     -27.91   -14.39    -7.28     0.000
  -29.88    -1.80   -44.97     -29.88    -1.80   -44.97     0.000
  -32.52    -0.59   -42.46     -32.52    -0.59   -42.46     0.005
   17.49   -13.23    -5.47      17.49   -13.23    -5.47     0.004
   14.40     6.61   -19.28      14.40     6.61   -19.28     0.002
   19.07    -3.29    59.36      19.08    -3.30    59.36     0.006
    0.35   -10.27   -34.92       0.35   -10.27   -34.92     0.003
   -4.07   -24.33   -31.10      -4.07   -24.33   -31.10     0.001
    6.05    17.36    -8.59       6.05    17.36    -8.59     0.003
   20.40   -11.49    -6.18      20.40   -11.49    -6.18     0.002
  -11.87    -3.57   -46.40     -11.87    -3.57   -46.40     0.001
   -8.71     3.47    64.32      -8.71     3.47    64.32     0.002
  -43.91   -14.83   -28.48     -43.91   -14.83   -28.48     0.001
  -35.19     5.64   -28.81     -35.20     5.65   -28.81     0.002
   37.60     0.15     6.42      37.60     0.15     6.42     0.000
   18.90    12.82   -30.39      18.91    12.82   -30.39     0.002
   -3.30    14.37     4.08      -3.30    14.37     4.08     0.003
   -1.05    16.23    51.81      -1.05    16.23    51.81     0.000
   35.05    -1.85   -22.10      35.05    -1.85   -22.09     0.002
   -3.51   -19.91   -14.06      -3.51   -19.92   -14.06     0.004
   18.15   -10.37    -1.12      18.15   -10.37    -1.12     0.001
  -33.06   -27.89   -28.92     -33.06   -27.89   -28.92     0.000
  -42.53   -18.92   -32.60     -42.53   -18.92   -32.60     0.000
   14.91    20.73    40.68      14.91    20.72    40.68     0.007
   26.17    -9.73    -4.74      26.17    -9.73    -4.74     0.001
  -36.47   -21.87   -18.17     -36.47   -21.87   -18.17     0.000
  -13.24    11.53    25.78     -13.24    11.53    25.78     0.002
  -44.13   -15.14   -35.63     -44.13   -15.14   -35.63     0.002
   -5.25    -6.93   -43.10      -5.25    -6.93   -43.10     0.000
  -33.71     1.33   -39.74     -33.71     1.33   -39.74     0.000
    4.21     6.67    69.55       4.21     6.67    69.55     0.003
    6.10    17.36    -8.67       6.10    17.36    -8.67     0.005
   11.60    19.19    54.02      11.60    19.18    54.02     0.005
   -6.49    15.25     8.09      -6.49    15.24     8.09     0.008
   22.80   -11.03    -7.09      22.80   -11.03    -7.10     0.002
   16.49   -10.93   -21.04      16.49   -10.93   -21.04     0.004
  -21.50   -31.29   -36.19     -21.50   -31.29   -36.19     0.003
   -6.83    12.00    40.01      -6.83    12.00    40.01     0.005
  -16.30   -30.19   -17.82     -16.30   -30.18   -17.82     0.005
   19.39    -4.15    41.06      19.39    -4.15    41.06     0.001
   32.49     9.80   -23.99      32.49     9.80   -23.99     0.001
    5.54    21.29    30.20       5.54    21.28    30.20     0.011
   37.04    -2.68     2.74      37.04    -2.68     2.75     0.001
  -26.89   -31.90   -28.23     -26.89   -31.90   -28.23     0.004
    8.67     7.75   -13.33       8.67     7.74   -13.33     0.005
   34.99    11.56   -11.43      34.99    11.56   -11.43     0.001
   11.67    -4.99    70.43      11.67    -4.99    70.43     0.002
    4.25    19.55     0.80       4.25    19.55     0.80     0.002
   35.96    -4.02     3.57      35.96    -4.03     3.57     0.004
    3.42    -3.53    44.24       3.42    -3.53    44.24     0.007
   -8.37     2.67    58.21      -8.37     2.66    58.21     0.006
   -7.21     8.47    62.03      -7.20     8.47    62.03     0.002
  -32.74     6.64   -32.27     -32.74     6.64   -32.27     0.004
    1.77    -4.84    33.84       1.77    -4.84    33.84     0.003
   35.70     7.71   -14.80      35.70     7.71   -14.80     0.003
    0.99    16.50     1.42       0.99    16.50     1.42     0.001
  -38.13    -3.18   -39.69     -38.13    -3.18   -39.69     0.002
   11.84    -6.01    69.56      11.85    -6.02    69.56     0.008
   18.98    -4.23    48.01      18.98    -4.24    48.01     0.006
  -14.04     8.69   -36.61     -14.04     8.68   -36.61     0.006
   -0.46   -13.62   -37.61      -0.46   -13.62   -37.61     0.001
   -8.97   -21.61   -10.89      -8.97   -21.61   -10.90     0.002
    9.11    17.09    67.73       9.11    17.08    67.73     0.006
   28.98     2.99   -31.96      28.98     2.99   -31.96     0.000
   20.15     2.17   -28.08      20.15     2.17   -28.08     0.001
  -25.35   -10.43    -7.01     -25.35   -10.43    -7.00     0.003
  -14.08     4.21     5.92     -14.07     4.21     5.92     0.006
  -11.69   -28.66   -19.13     -11.69   -28.67   -19.13     0.002
    0.52   -17.00   -29.73       0.52   -16.99   -29.73     0.001
   40.27     5.30    -0.47      40.27     5.30    -0.47     0.000
  -33.81     0.54   -40.53     -33.81     0.54   -40.53     0.003
    6.29     2.95   -18.78       6.29     2.95   -18.78     0.000
   21.46    22.54     7.03      21.46    22.53     7.03     0.007
   11.29    22.07    24.91      11.29    22.06    24.91     0.004
   10.93   -15.39    -8.15      10.93   -15.39    -8.15     0.005
    6.23    20.28    38.10       6.23    20.27    38.10     0.007
  -37.04    -0.83   -38.84     -37.04    -0.83   -38.83     0.001
   -9.50   -13.01    -2.02      -9.50   -13.02    -2.02     0.002
   10.14    21.04    -9.20      10.14    21.04    -9.20     0.003
  -28.41   -30.97   -33.00     -28.41   -30.96   -33.00     0.002
   -7.01   -15.31    -5.69      -7.01   -15.30    -5.69     0.002
    8.03    -4.62    52.09       8.03    -4.62    52.09     0.006
   -9.89   -18.58    -8.22      -9.89   -18.59    -8.22     0.001
  -44.47    -6.79   -36.84     -44.47    -6.79   -36.84     0.001
  -36.19    -0.15   -16.26     -36.19    -0.15   -16.26     0.003
   15.03    20.48    41.04      15.03    20.48    41.04     0.002
  -28.55   -13.14    -6.70     -28.55   -13.14    -6.70     0.001
   10.26   -12.74   -20.32      10.26   -12.73   -20.31     0.005
    1.27    14.87    -0.76       1.27    14.87    -0.76     0.003
   -4.92     4.27    70.20      -4.92     4.27    70.20     0.000
   -9.54     2.82    25.24      -9.54     2.82    25.24     0.006
   21.63    -2.82   -27.96      21.63    -2.82   -27.96     0.001
  -36.24   -21.51   -38.09     -36.24   -21.51   -38.09     0.005
   35.80     6.64     8.62      35.80     6.64     8.62     0.001
    2.14    18.12    48.82       2.14    18.12    48.82     0.002
   37.39    10.74     5.91      37.39    10.73     5.91     0.005
    7.82     6.81    68.95       7.82     6.81    68.95     0.001
   16.93    23.32   -10.39      16.93    23.32   -10.39     0.003
  -19.35    -7.94    -3.32     -19.35    -7.94    -3.32     0.003
   -4.24    11.48    68.19      -4.24    11.48    68.20     0.003
  -22.87   -24.92   -11.35     -22.87   -24.92   -11.35     0.002
    7.33    18.97    -8.17       7.33    18.97    -8.17     0.002
